Blog	music	how	that	life	things	happy	time	love	so	one	summer	world	with	an	at	th	more	be	by	up	this	we	night	can	not	year	t	your	party	new	little	don	m	is	just	first	two	part	fun	back	from	do	day	have	like	about	me	christmas	no	birthday	good	week	on	or	all	what	are	our	out
Tainted Boys Gay Blog	0	0	0	0	0	0	1	0	0	0	1	3	6	0	7	2	0	0	0	0	0	1	3	0	1	1	0	0	32	8	1	0	0	1	0	0	0	0	1	0	0	0	1	0	0	0	0	1	0	0	0	1	0	1	0	1	1	2	0
Geiser Family Blog	0	0	1	2	0	4	0	0	0	0	0	0	2	0	2	3	2	0	1	2	0	4	2	0	1	0	2	0	4	2	0	2	1	1	0	2	0	1	2	1	3	3	4	0	0	0	0	7	0	5	0	0	1	1	1	2	0	1	3
Ferndaliens are not from Outerspace	0	2	1	3	1	3	0	0	3	0	2	0	0	1	1	0	0	2	2	2	1	3	0	0	2	0	0	0	1	0	0	0	1	2	0	2	0	0	3	0	0	1	10	1	1	0	0	3	1	2	0	1	0	1	2	2	3	2	0
Delicious Ambiguity	0	3	1	3	4	3	2	2	1	1	0	0	2	0	0	0	1	5	1	2	7	2	0	1	1	0	4	0	1	0	2	1	5	5	2	0	1	0	1	2	1	3	1	1	2	2	4	2	0	2	5	0	5	0	1	2	2	0	0
n@simjo ©	3	3	1	0	0	0	0	0	1	1	1	1	4	3	1	2	1	1	0	1	1	0	1	0	2	1	0	0	0	0	0	0	0	2	0	0	1	1	0	3	2	0	1	0	1	1	0	0	0	0	0	0	27	1	0	2	1	0	1
JustAnotherBlog	0	0	1	2	2	3	0	4	0	1	1	0	1	1	1	2	1	2	0	0	2	2	0	1	0	3	0	2	0	1	0	0	0	1	0	0	1	0	0	2	2	0	5	0	1	1	7	0	2	0	0	0	5	0	2	3	2	1	0
Final Approach	0	1	1	0	2	0	0	3	0	1	1	1	2	0	1	1	0	1	0	1	2	1	0	0	3	0	0	0	0	0	0	0	0	3	1	0	0	0	0	2	0	0	2	2	1	2	1	0	0	0	1	0	1	3	0	2	0	0	2
Aye, Aye, Skipper	0	0	0	0	0	0	0	0	0	0	0	0	0	0	0	0	0	0	0	0	0	0	0	0	0	0	0	0	0	0	0	0	0	0	0	0	0	0	0	0	0	0	0	0	0	0	0	0	0	0	0	0	0	0	0	0	0	0	0
Weinbaum  CA Kids Blog	1	0	0	2	0	1	2	0	0	0	0	0	5	0	4	1	0	0	0	2	0	2	1	0	0	0	0	0	0	3	0	0	0	1	1	1	0	0	0	1	0	0	8	0	0	1	2	0	0	1	0	1	8	1	1	0	0	1	3
The Hicks Headlines	0	0	0	3	1	4	1	6	0	2	1	0	4	0	0	0	5	1	0	3	5	2	1	0	1	1	0	0	0	5	11	0	3	1	1	1	0	1	7	0	0	0	1	0	0	0	1	1	0	1	0	0	0	0	0	1	1	1	0
LOOK , FEEL, BEAUTY!	0	1	0	0	0	0	0	0	0	0	0	0	0	0	0	0	0	2	0	0	0	0	0	1	0	0	1	1	0	1	0	1	0	0	0	0	0	0	0	1	0	0	1	0	0	0	1	0	0	1	0	1	0	0	0	0	0	0	0
The Ethiopian Adoption Roller Coaster	0	0	0	1	0	3	1	0	2	2	2	0	0	1	2	0	0	1	1	0	1	0	0	0	5	2	3	0	0	2	0	2	3	3	0	0	1	0	0	0	1	0	2	2	1	0	3	2	2	0	1	0	4	1	2	3	0	0	1
The Introspection of a Vixen	0	1	0	0	0	0	0	0	1	1	0	0	0	0	1	1	3	0	2	0	3	0	0	0	1	2	0	0	0	1	0	0	2	3	1	0	0	0	0	0	0	0	1	0	0	2	0	0	1	1	0	0	3	0	1	0	0	0	0
Bureaucrat310	0	0	0	0	0	0	0	0	0	0	0	0	0	0	0	0	0	0	0	0	0	0	0	0	0	0	0	0	0	0	0	0	0	0	0	0	0	0	0	0	0	0	0	0	0	0	0	0	0	0	0	0	0	0	0	0	0	0	0
Music Road	59	0	0	1	0	0	1	1	0	1	1	0	1	1	1	0	0	0	0	0	0	0	0	0	0	1	0	0	0	2	0	0	0	0	1	2	2	1	0	0	13	0	3	0	0	1	1	1	0	0	0	3	1	0	1	0	0	0	0
Web Science and Digital Libraries Research Group	0	0	0	1	0	0	0	0	0	0	1	3	1	2	2	0	0	0	0	0	0	2	0	1	0	1	0	2	1	0	0	0	0	3	0	0	1	0	0	0	0	0	1	0	0	1	1	0	0	0	0	17	2	0	1	1	0	0	0
Soul's Expression	0	3	2	2	2	0	0	1	0	1	0	0	2	1	1	1	1	1	1	2	1	3	0	2	4	1	3	0	0	0	1	2	0	6	1	1	0	0	0	0	3	0	6	0	0	1	0	1	0	0	2	1	0	1	2	4	1	0	0
Big Hair Envy	0	0	0	0	3	1	1	0	1	1	1	0	0	0	0	0	0	0	0	0	0	0	0	0	1	0	0	1	0	1	1	0	0	0	0	1	0	1	0	0	0	3	0	0	0	0	0	1	0	1	0	1	1	1	0	0	1	0	0
Piazzolla on Video	0	0	0	0	0	0	0	0	0	0	0	0	1	0	0	1	0	0	1	0	0	0	1	0	0	0	1	0	0	0	0	0	0	0	0	0	0	0	0	0	1	0	0	0	0	0	0	0	0	0	0	0	0	0	0	0	0	0	0
StampingUpAStorm	0	0	0	1	0	0	0	0	0	0	0	0	0	0	0	2	1	0	1	5	0	0	0	0	1	0	0	1	0	1	0	0	0	0	0	0	0	23	0	0	1	0	26	0	0	0	0	1	0	0	0	1	0	0	0	0	0	0	0
The trouser Press	0	0	0	0	0	0	1	0	1	1	0	0	0	1	0	0	1	0	0	1	1	1	0	0	3	1	0	0	0	1	1	0	0	0	1	0	1	0	0	0	0	0	2	1	2	0	1	1	1	0	0	3	4	0	3	1	0	0	0
The Rich Girls Are Weeping	0	0	0	0	0	0	0	0	0	0	0	0	0	0	0	0	0	0	0	0	0	0	0	0	0	0	0	0	0	0	0	0	0	0	0	0	0	0	0	0	0	0	0	0	0	0	0	0	0	0	0	0	0	0	0	0	0	0	0
ELUSIONCLOTHING.BLOGSPOT.COM	2	1	0	2	0	0	0	2	0	1	0	1	7	0	2	0	0	1	2	4	0	0	0	0	2	0	0	2	0	3	0	1	1	2	1	0	0	1	0	1	1	0	0	0	0	1	2	0	2	0	0	0	5	1	0	2	0	1	0
Hidden Rooms	0	0	0	0	0	0	0	0	0	1	0	0	2	3	4	0	0	0	0	7	1	0	1	0	1	0	1	0	0	1	2	1	1	0	0	0	2	0	0	0	1	0	0	0	0	2	0	0	1	0	0	0	0	0	0	4	0	0	2
Hippo Crusades	0	0	0	2	0	1	1	0	0	0	0	0	0	2	0	0	0	0	0	0	1	0	0	0	0	2	0	0	0	3	1	0	0	0	0	1	2	0	0	4	1	2	1	0	0	0	0	0	1	0	1	0	6	0	0	1	0	0	0
Naughtius Maximus - WMUH 91.7FM - Allentown, PA	0	0	0	0	0	0	0	0	0	0	0	0	0	0	0	0	0	0	0	0	0	0	0	0	0	0	0	0	0	0	0	0	0	0	0	0	0	0	0	0	0	0	0	0	0	0	0	0	0	0	0	0	0	0	0	0	0	0	0
Life with Kensie and Blakely	0	2	0	0	0	0	6	0	1	1	1	0	5	0	0	0	1	0	0	2	1	4	0	0	1	1	0	0	6	2	1	0	2	1	0	5	0	1	3	0	2	0	5	1	0	1	1	3	1	3	0	0	3	0	0	2	0	0	0
Cuppa Jolie	0	0	2	0	0	1	1	1	0	0	2	0	0	0	0	0	0	0	0	1	0	0	0	2	0	0	0	62	1	0	0	0	0	2	0	1	0	0	0	0	1	1	1	0	1	1	2	0	1	0	1	0	2	0	0	1	0	0	1
Literal Reality	0	0	0	1	2	2	1	1	4	3	0	2	1	1	0	0	0	0	2	4	0	2	0	0	5	2	1	0	0	3	0	1	0	1	1	0	4	0	0	1	2	0	3	2	1	1	2	0	0	0	1	0	1	4	5	1	0	0	0
Paul	1	0	3	1	2	0	0	0	1	0	0	0	6	2	3	0	1	3	1	0	2	4	0	1	2	0	2	1	0	3	0	1	5	4	1	0	2	3	1	0	0	0	15	2	2	2	3	1	1	0	0	1	7	3	1	4	4	1	0
{the hernandez four}	0	0	0	0	0	1	0	4	0	0	1	0	3	0	0	3	0	2	1	0	0	1	3	1	0	1	0	0	3	4	1	0	0	1	1	3	0	0	4	0	0	0	4	0	0	0	0	4	0	4	0	1	0	0	0	1	1	2	0
A Boy Makes 3	0	2	0	0	0	2	0	0	0	1	0	0	1	0	1	2	1	1	0	2	1	0	0	1	2	0	1	1	0	3	0	0	1	0	0	0	0	0	0	1	0	0	1	0	1	1	4	1	0	0	0	1	0	0	2	1	0	1	0
soakin' up life	0	0	2	0	0	3	0	0	0	0	1	0	0	0	1	0	1	0	0	2	1	0	0	0	1	1	2	0	0	5	1	1	0	2	0	1	0	0	0	0	0	0	1	0	1	0	2	3	2	6	0	0	1	0	0	2	1	0	0
HOOT HOOT !	0	0	0	0	0	0	0	1	0	0	1	1	0	0	1	0	0	0	0	0	0	0	0	0	0	0	0	0	0	0	0	0	3	1	0	0	0	0	0	0	1	1	1	0	0	0	2	0	5	1	0	0	0	0	1	0	0	0	0
Three Ring Circus	0	1	1	0	0	13	1	0	0	1	13	0	1	1	0	0	0	0	1	1	0	1	0	0	0	2	0	0	0	3	0	0	0	4	0	5	1	9	2	0	3	2	7	0	2	0	1	0	0	11	3	0	2	0	1	2	1	0	0
F-Measure	0	0	1	0	0	0	2	1	0	0	0	1	1	2	3	0	1	0	1	1	2	0	2	0	2	1	1	0	0	0	1	0	2	0	0	0	0	0	0	1	0	1	1	1	0	0	4	0	2	0	1	0	2	0	2	2	1	1	2
Wish List Mom	0	0	0	2	0	9	1	0	1	0	0	0	2	0	2	0	1	1	0	3	0	0	0	0	0	0	1	0	3	6	0	1	1	1	0	0	0	1	0	2	1	0	11	0	0	0	0	1	2	4	1	1	2	0	0	2	2	1	2
Mr. Crohn's	0	0	0	2	2	1	0	1	2	1	0	1	1	1	0	0	0	3	0	1	1	4	0	1	0	0	3	0	0	0	0	1	0	2	1	0	0	0	0	1	1	4	1	0	0	1	1	0	1	0	1	0	2	1	0	2	1	2	0
f.a.i.r.y.l.i.c.i.o.u.s.	0	0	0	4	0	5	1	4	0	0	0	0	1	0	2	0	3	2	0	1	3	0	0	1	0	1	1	0	0	1	0	1	4	6	2	0	0	0	0	3	1	0	2	1	1	0	6	0	4	1	3	1	1	1	0	1	1	0	0
raising godzillas	0	1	2	0	6	0	2	0	1	2	2	0	6	3	3	0	1	4	12	1	5	2	2	2	8	2	6	6	1	2	1	3	0	6	0	0	3	3	0	0	1	3	0	1	2	5	1	0	2	0	1	0	9	4	2	5	1	1	1
GingerVision	1	3	2	1	0	2	3	4	2	0	0	2	3	1	3	0	0	3	0	0	5	2	1	0	1	0	1	1	0	2	1	0	4	7	2	2	0	0	0	4	1	2	1	4	1	0	3	1	2	1	1	0	4	0	4	2	1	0	0
The Lisp	0	0	0	0	0	1	2	0	3	0	0	0	0	0	0	1	2	0	1	1	3	1	1	1	1	0	0	2	1	1	0	0	7	5	0	2	0	0	0	0	2	0	0	0	2	1	3	1	1	3	0	10	1	2	1	5	2	0	5
Mommy Antics	0	0	1	2	1	4	1	1	0	4	0	0	1	0	0	1	1	1	1	3	0	1	1	1	4	0	0	1	1	5	4	0	5	1	3	1	1	0	2	1	0	0	0	0	1	0	0	1	1	3	0	3	1	3	1	1	1	0	1
searching and pondering	0	0	0	0	0	4	0	0	0	0	0	0	0	0	0	0	2	1	0	1	0	0	0	0	1	0	0	1	0	0	0	0	0	0	1	0	0	0	0	1	0	1	3	0	0	0	0	0	0	0	0	0	2	0	0	0	0	0	0
Two Color Photography	0	0	0	0	0	3	0	1	0	0	0	0	0	0	0	0	0	1	0	0	0	0	0	0	0	0	4	1	0	4	0	0	4	1	0	0	0	0	0	0	0	0	2	0	0	0	0	0	0	3	0	0	1	0	1	0	0	0	0
THE BELLS	0	0	0	0	0	0	0	0	0	1	0	0	0	0	0	2	0	0	0	0	0	0	0	0	0	0	0	0	0	0	0	0	0	0	0	0	0	0	0	0	0	0	0	0	0	0	0	1	0	0	0	0	0	0	0	0	0	0	0
~The Boerger Family~	0	0	0	0	0	3	6	2	0	0	4	0	3	0	5	1	2	0	0	1	0	1	0	1	1	1	1	0	2	0	8	0	1	1	0	3	0	0	8	0	0	0	11	1	1	1	0	2	0	4	1	0	0	0	0	0	0	2	0
Lost to the world	2	0	2	0	1	1	2	0	0	1	0	1	0	0	0	0	0	0	0	0	1	1	2	1	1	0	0	2	0	2	0	0	0	6	0	1	0	0	0	0	1	1	2	2	1	1	2	0	1	0	0	0	3	2	1	1	1	1	0
Festival Freak	5	0	1	2	0	1	1	0	0	2	0	5	1	0	6	1	0	1	0	1	1	1	0	2	0	0	4	2	4	0	0	2	0	2	0	1	1	0	0	0	2	1	1	0	1	0	0	2	0	0	0	0	4	0	1	1	0	0	0
Driving > Disco	2	0	0	1	1	5	0	0	1	0	0	0	1	0	0	4	0	1	1	2	1	1	0	0	2	2	2	1	0	1	0	1	1	0	1	0	0	1	0	0	3	0	1	0	0	0	2	1	0	2	0	0	2	0	1	3	0	0	1
Worship The Zero	0	1	1	0	1	0	0	2	1	1	0	2	1	0	0	1	1	1	0	0	0	1	2	1	1	0	2	1	0	6	0	2	1	2	0	0	0	1	0	2	0	0	0	0	0	1	2	0	1	0	1	0	3	0	0	0	2	0	0
Buffalo Gal	0	0	1	0	0	0	1	0	0	0	0	0	1	0	1	0	1	2	2	2	0	3	2	0	0	0	1	0	1	0	0	0	1	0	0	1	1	0	0	0	1	2	2	0	0	0	3	1	4	0	0	0	1	1	0	1	1	3	2
The Foxhole	0	0	2	1	21	1	1	0	1	0	0	0	0	0	0	0	1	0	1	2	1	1	1	0	1	1	0	1	0	1	1	0	2	0	0	0	0	1	0	2	1	1	0	0	1	0	0	2	0	0	0	3	1	0	0	5	1	3	0
thesearchforLIGHTintheDARK.	0	2	1	1	1	0	0	2	0	0	1	0	0	0	0	0	1	1	0	0	0	0	0	0	0	1	2	0	0	1	0	4	0	2	2	1	0	0	0	0	0	0	0	1	0	0	1	0	0	0	0	0	0	0	1	1	1	0	0
Fantabulous	0	0	0	1	1	1	3	0	2	4	0	1	2	0	1	1	0	1	1	4	1	1	1	0	0	0	0	1	1	2	4	0	0	1	0	4	1	0	3	1	0	0	6	1	0	1	1	1	0	3	1	0	2	0	1	4	2	0	0
I don't do mornings!!!	1	0	0	0	0	0	2	0	1	0	1	0	0	0	1	0	0	1	1	0	0	2	0	0	1	1	0	0	2	1	1	0	0	4	0	0	0	0	0	0	1	0	3	0	0	0	0	2	0	0	0	0	4	0	1	2	5	2	1
Save the Internet , Save the world	0	2	0	2	0	0	1	3	2	1	0	2	1	1	1	1	1	2	0	2	4	0	0	0	3	0	0	0	0	4	0	0	1	0	1	2	1	1	0	0	1	0	2	0	1	1	1	0	0	0	0	0	2	0	1	0	0	0	0
Musings of a chick	0	0	2	0	1	0	0	0	2	1	0	0	1	1	0	1	4	0	0	0	4	0	0	0	1	2	0	0	0	0	0	0	2	1	0	0	0	0	0	0	2	2	1	1	1	2	2	2	1	0	0	0	1	0	1	4	0	1	0
Arvind Patel's Dreams At Dawn-A Musical Journey	0	0	0	0	0	0	2	3	0	0	0	0	0	0	0	0	0	0	5	0	0	0	0	0	0	0	0	0	0	0	0	0	0	0	0	0	0	0	1	0	0	2	0	0	0	0	0	0	0	0	0	0	0	0	0	0	0	0	0
The Poet You Never Were	0	0	0	0	0	0	0	0	0	0	0	0	0	0	0	0	0	0	0	0	0	0	0	0	0	0	0	0	0	0	0	0	0	0	0	0	0	0	0	0	0	0	0	0	0	0	0	0	0	0	0	0	0	0	0	0	0	0	0
New [Improved] Worthless Hack	0	0	2	2	0	3	1	0	0	0	0	0	1	1	0	0	0	0	1	0	4	0	0	1	0	2	2	0	0	3	0	0	1	4	0	0	0	4	0	0	0	0	0	1	1	0	3	1	0	3	1	0	1	0	1	3	0	0	0
From the Eyrie	0	1	3	1	2	1	1	2	4	0	0	2	0	3	0	0	1	1	0	3	2	1	0	2	4	0	5	0	0	0	1	0	0	6	2	1	1	0	0	0	3	1	3	0	0	1	6	2	1	0	1	0	1	0	0	9	2	1	0
The Life and Times of Angel Weed	0	1	0	2	0	1	3	1	1	0	1	1	0	0	0	1	1	1	0	0	0	0	1	0	2	0	1	0	0	5	0	0	4	0	1	0	1	0	0	1	2	0	2	0	0	0	2	0	3	0	0	2	3	1	3	0	0	0	1
The Mind of an African-Chinese guy.	2	0	2	0	0	2	1	0	1	2	2	0	1	1	3	2	5	0	11	1	1	1	0	0	0	1	0	0	1	1	3	0	0	2	0	2	2	0	2	0	6	0	3	1	0	0	0	0	0	0	0	1	1	0	0	1	0	0	1
And so it goes... Again	0	0	0	0	0	0	0	0	0	0	0	0	0	0	0	0	0	0	0	0	0	0	0	0	0	0	0	0	0	1	0	0	0	0	0	0	0	0	0	0	0	0	0	1	0	0	0	0	0	0	0	0	0	0	0	0	0	0	0
frequencywithoutcontrol	0	0	0	1	1	0	0	5	0	0	1	2	0	0	1	1	1	1	0	1	0	0	0	1	0	0	2	2	1	2	0	0	2	0	0	0	0	2	0	1	5	0	0	0	0	0	3	0	1	1	0	0	1	0	0	0	0	0	1
What Is Groove?	0	0	0	0	0	0	1	0	0	0	0	0	0	1	1	0	0	0	0	0	0	1	0	0	0	0	1	0	0	0	0	1	1	2	0	0	1	1	0	2	1	0	0	0	0	1	0	0	0	0	0	0	0	1	0	1	0	0	0
The Fee Feasible Prophecies	0	0	0	0	0	0	0	0	0	0	0	0	0	0	0	0	0	0	0	0	0	0	0	0	0	0	1	0	0	0	0	1	0	0	0	0	0	0	0	0	0	0	0	0	0	0	0	0	0	0	0	0	0	0	0	0	0	0	0
The Klein Connection	1	1	0	0	2	0	0	0	0	1	1	0	2	1	0	0	0	1	0	1	0	1	0	0	0	0	0	0	0	2	0	0	0	0	1	0	0	2	1	1	3	0	1	0	1	0	0	2	2	0	0	3	2	0	1	1	0	0	1
Ruionkoh, the ducker.	0	4	1	6	1	3	1	1	1	2	0	0	2	3	3	3	2	3	0	0	4	1	0	0	0	2	1	3	0	3	1	1	0	8	2	0	0	0	0	0	0	5	1	2	2	2	0	0	1	1	0	1	3	1	0	3	1	0	1
O Bicho Preguiça	0	0	0	0	0	0	0	0	0	0	0	0	0	0	0	0	0	0	0	0	0	0	0	0	0	0	0	0	0	0	0	0	1	0	0	0	0	0	0	0	0	0	0	0	0	0	1	0	0	0	0	0	0	0	0	0	0	0	0
THE JONESES	0	1	1	1	1	1	2	2	0	2	1	0	1	0	1	0	2	0	0	0	1	2	0	0	1	3	0	3	2	0	4	0	0	7	0	0	0	0	6	2	1	0	5	0	0	0	1	3	1	2	1	0	2	1	0	1	1	1	1
Deep Blue Resonance Of The Heart	0	0	0	4	0	0	1	1	0	0	0	1	1	1	0	1	1	1	1	3	1	0	0	1	1	2	3	1	0	2	0	2	0	1	1	0	0	0	0	0	0	0	1	0	0	0	3	0	0	0	1	1	3	0	0	0	0	0	0
The Woolfpack Six	0	0	0	0	0	4	2	1	1	2	0	0	5	1	2	6	0	2	0	2	3	2	1	0	0	1	1	0	0	1	1	0	0	1	1	1	0	0	8	2	1	0	8	0	0	0	1	2	1	4	0	0	1	2	0	2	0	0	3
the baeby	0	0	0	2	0	0	3	3	2	2	0	0	1	0	0	0	2	0	0	1	1	1	1	1	1	0	7	2	0	0	1	3	2	1	1	1	0	0	0	0	0	1	0	1	0	0	3	0	1	1	2	0	1	1	3	4	3	0	0
Little Miss Sunshine	0	0	0	0	1	9	1	1	2	1	0	1	5	0	0	0	0	2	0	4	1	0	0	2	2	0	1	1	0	1	1	0	2	3	0	1	3	0	0	1	1	1	2	1	1	1	4	0	0	6	1	0	0	0	0	2	2	0	1
The Blog Of Cult Things	2	0	0	0	0	0	1	14	0	0	0	2	24	0	0	0	1	0	0	0	0	0	0	0	0	0	0	0	0	0	1	0	0	19	0	19	0	76	0	0	0	0	0	0	0	0	0	0	0	0	0	0	2	0	0	0	0	0	0
closing	0	1	0	2	0	3	2	2	0	1	2	1	1	1	0	0	1	0	1	0	0	0	0	0	0	1	0	0	0	1	0	0	1	2	0	0	0	0	3	0	1	0	0	0	0	0	0	0	0	1	1	0	1	0	1	2	0	0	0
The Music Man's Blog	1	2	1	0	1	0	2	0	1	0	0	1	0	0	1	0	0	1	0	0	1	4	0	3	0	0	3	0	0	0	0	1	0	2	1	1	0	0	0	0	0	0	0	1	1	3	1	1	0	0	0	0	1	1	3	2	2	2	0
Rail Road Hip Hop	0	1	1	2	0	0	0	0	0	1	0	1	0	0	1	1	1	0	7	7	1	1	1	0	0	1	10	1	0	1	0	2	0	1	0	0	0	0	0	0	0	3	3	0	0	1	1	0	1	1	1	0	4	0	2	2	0	0	0
Soul of the Rose	0	2	0	0	1	5	1	1	6	1	0	0	2	0	2	1	0	3	1	1	4	9	0	2	1	3	3	0	1	10	3	0	0	9	1	0	0	2	1	1	3	4	1	5	0	1	0	3	0	2	3	1	4	0	2	1	4	3	2
Where am I going, and why am I in a handbasket...	0	2	1	0	2	0	5	0	3	3	0	2	3	0	0	0	1	3	2	2	8	1	1	2	0	1	1	1	0	4	0	0	1	11	2	0	1	0	2	1	1	1	1	2	1	0	2	0	2	0	1	0	1	1	1	2	3	0	1
Merry Mis-Adventures	4	0	0	0	0	0	0	1	0	1	8	2	2	0	0	4	1	0	1	0	0	1	2	1	1	1	1	1	8	4	0	0	0	0	0	0	0	4	0	1	0	0	1	0	0	0	1	0	0	3	0	10	0	0	0	0	0	0	1
Fibra Artysta - Mixed Media Fiber Art	0	0	0	1	0	0	2	0	0	2	2	0	4	1	1	1	2	0	0	1	1	0	0	0	0	0	1	12	0	5	1	1	1	1	0	0	0	0	0	4	2	1	2	0	2	0	6	0	1	0	1	0	2	0	0	1	2	0	0
Kirb's the Word	0	0	2	0	0	6	2	1	4	0	1	0	0	1	1	0	1	2	0	0	1	0	1	0	0	0	0	0	2	2	1	0	0	4	1	2	0	1	0	0	1	2	6	0	1	0	0	1	0	3	1	0	2	0	0	2	0	0	0
Tutus and Choo Choos	0	1	2	2	0	4	2	3	0	1	0	0	0	0	6	3	1	0	1	0	1	5	3	1	0	2	1	0	2	3	2	1	0	2	1	0	1	0	2	2	0	1	21	0	0	0	0	0	1	8	8	0	2	1	4	2	3	4	2
yusokpo	0	0	0	2	0	0	2	0	3	1	0	0	1	0	0	0	1	2	1	